0
0
652
572
546
421
459
606
585
556
120
292
312
316
304
306
338
350
400
401
398
381
385
411
408
387
421
408
412
366
338
451
508
380
436
402
389
387
374
351
315
321
206
392
650
511
370
502
492
466
435
500
399
943
902
105
149
478
322
333
395
368
405
301
241
372
249
32
3
-71
-35
77
59
143
-236
-11
0
-2
-22
-19
-3
-8
14
4
9
-7
-5
7
11
-28
-5
-23
44
43
-24
-16
-41
-185
49
-22
-55
-48
3
50
72
111
-105
-46
149
29
-78
30
-2
-11
-5
-5
-186
32
289
-53
-242
2
49
-80
80
1
-69
185
149
-334
220
3
-22
-61
-11
62
34
152
-229
-9
0
-8
-20
-14
3
7
14
9
14
-11
-8
12
7
-7
107
33
32
8
-38
7
98
60
81
35
16
25
28
0
-62
-100
-68
-83
91
52
-33
37
-12
1
39
28
-125
-155
271
296
-173
-195
17
38
-20
-124
150
252
-100
-524
326
-2
-5
-14
8
34
13
167
-204
6
13
1
-8
-12
12
26
8
6
11
-14
-11
9
13
-15
-105
-125
-23
48
9
-12
1
-63
-52
-53
-30
13
45
47
14
-1
-35
-112
47
58
4
42
-25
21
24
62
-78
-148
145
352
61
-312
-10
30
-48
-7
293
38
-373
-397
359
19
48
25
5
16
3
173
-197
13
22
4
-11
-13
4
9
8
5
9
-7
-4
7
12
-1
101
39
41
31
-44
-28
33
-12
75
31
-5
-34
-37
-15
34
91
-12
-131
20
57
21
41
-31
25
-35
66
-96
-60
-74
125
332
-148
-125
-95
172
215
-14
-123
-116
-358
362
40
68
9
-10
25
18
174
-216
3
5
-9
-26
-27
-7
-10
7
11
6
-10
-7
4
9
-9
-40
-96
-133
-201
-260
-171
-96
-152
4
5
14
18
4
-21
-48
-37
-3
-128
10
43
15
42
-30
28
-25
99
-74
17
-170
-82
415
222
-372
19
231
-30
-231
-43
22
-399
387
50
39
-55
-46
47
40
164
-237
-10
7
-1
-18
-22
-2
2
6
7
11
-13
-11
9
14
-7
-84
27
200
265
248
267
159
-94
-161
-164
-99
-5
80
100
65
26
22
-104
18
25
-1
43
-24
23
-39
85
-10
24
-91
-149
143
394
-114
20
-67
-228
-99
60
-60
-441
404
70
77
-38
-38
55
56
149
-226
19
36
28
18
22
38
51
10
32
31
-7
-25
4
16
-11
62
43
-28
-165
-163
56
117
-83
226
-7
-126
-144
-23
27
7
-15
30
-72
26
-4
-15
67
-4
34
-116
19
11
-29
-5
-142
-228
342
663
-303
-345
32
25
59
44
-516
507
168
-45
-382
70
136
53
174
-220
-70
-34
6
-40
-44
-3
-53
32
-19
-100
-18
151
80
-44
16
27
-90
33
126
8
-32
64
20
189
187
451
-456
-93
21
-203
126
-5
-199
32
155
-46
-37
58
12
-93
63
-45
55
-124
66
-329
511
907
-520
2
171
-169
49
123
-511
606
85
-75
-272
142
117
35
152
-212
-43
6
44
-6
-6
35
-26
70
-5
34
48
-30
-68
-31
-30
-36
-28
98
-31
-13
-14
119
21
22
-11
-142
337
-398
-413
192
-235
21
-24
29
12
22
15
-24
102
120
-165
120
-123
88
192
-104
304
-383
-358
95
-103
-29
-20
-113
-617
579
-35
-165
-224
167
102
41
117
-212
-55
4
44
-4
-2
31
-25
48
-57
36
55
-108
-83
36
-27
-8
-50
-45
-147
75
46
40
-131
-121
-122
94
311
285
574
-363
-63
69
-17
-28
40
208
-37
-271
121
91
63
20
-11
-58
-123
393
-431
-362
44
-54
-5
33
10
-120
-30
316
-95
-155
-180
142
99
77
91
-186
-52
-7
27
-24
-22
16
-25
32
-16
-9
-21
-32
3
31
2
-5
9
-117
-34
61
38
-126
-116
345
4
39
-149
27
290
27
-321
-99
-89
54
73
214
60
-293
-203
141
46
-15
-7
-50
324
98
-267
194
63
-165
120
-245
-59
-46
409
-71
-80
-63
-159
95
85
97
89
-158
-31
-7
23
-31
-29
22
-4
-5
81
-3
-65
38
-2
-70
58
-97
170
-23
86
-121
74
-98
60
-20
-92
80
137
2
-166
399
-470
-349
-179
172
9
2
246
-77
-526
312
250
-71
-33
337
348
-432
53
0
-169
238
-86
-179
-55
111
337
-328
-14
12
-176
85
82
88
125
-141
-15
8
38
-24
-12
32
-25
-40
10
-19
-36
31
-31
-40
150
-72
164
-92
-78
-192
235
90
20
14
24
41
-177
-53
122
148
521
-89
-416
5
102
5
193
-68
-370
-126
-23
96
-80
72
-369
-128
-131
-54
94
-124
12
-251
410
-111
438
-355
48
11
-202
133
80
23
179
-201
-35
6
39
-11
-13
32
-138
232
-162
-95
48
-35
-16
99
17
59
-41
-81
-132
-16
124
126
-118
22
35
-94
175
47
12
-2
30
308
-443
-124
137
117
137
-181
-215
-365
-594
491
-102
-80
-453
156
-22
196
-98
-140
-433
320
-64
8
318
-302
64
-52
-239
171
62
-46
197
-278
-81
-17
41
-15
-43
1
-249
730
-206
-141
110
-89
22
161
-301
49
-230
139
90
131
-329
-61
-35
11
114
-102
-12
4
-99
89
37
443
-234
-70
-13
99
373
-277
-636
55
218
372
302
748
-640
2
-29
-43
41
-176
132
257
33
95
215
-267
-18
2
-155
103
80
77
163
-230
-80
26
-37
-44
98
128
-302
577
-229
49
18
16
34
82
-13
-57
49
179
87
126
51
121
190
24
-198
183
126
-114
167
3
-162
77
338
-363
-72
27
-71
-980
742
-45
286
-144
26
722
-650
177
-112
-62
-41
-385
421
-72
-23
104
159
-209
5
11
-165
98
82
85
173
-201
-4
70
11
-7
12
-90
-273
110
-338
46
-68
-14
34
-76
-299
92
46
-146
-28
1
94
-140
-215
-24
171
-10
-127
168
-233
-2
246
-82
139
222
-49
-221
14
405
186
47
-48
38
119
729
-552
-55
-31
18
-438
406
-115
109
41
-17
235
-172
24
10
-162
99
76
89
203
-277
7
19
-8
32
3
-189
85
296
-209
-3
-62
57
-10
-8
169
34
-68
4
-139
142
-14
17
-94
48
-164
181
-383
222
-9
36
-156
202
-110
10
-183
339
-102
190
-69
73
117
-177
390
53
-195
-2
-47
-258
-122
368
-43
63
-53
36
165
-203
0
-4
-175
88
71
74
195
-321
18
-39
-46
23
-4
-235
532
129
-228
-24
-43
138
-15
-111
118
-93
52
-58
127
-48
108
-11
147
135
-91
233
-27
-199
242
53
-14
-8
-331
275
12
120
30
-26
-34
22
29
93
599
-708
-113
-62
86
-331
335
-66
210
-61
-78
97
138
-251
-26
-18
-176
89
72
72
178
-279
87
-9
-21
-10
-63
-402
696
-59
-91
76
-265
-76
89
-19
-135
163
-10
35
-133
172
-46
2
-99
-24
-108
-122
20
226
-171
-93
-130
-114
-87
268
-106
-100
83
-128
66
176
94
-431
835
-658
8
38
-284
85
142
108
-16
4
97
-52
277
-265
-21
-8
-161
112
78
82
178
-290
51
-10
33
-1
-45
-523
655
147
-18
116
-224
-94
102
92
-27
145
80
-133
64
15
150
-45
38
207
56
324
162
251
-34
57
-19
159
98
-173
-194
175
-29
4
404
-174
-79
-144
311
-262
56
74
-388
281
-13
111
-119
6
134
-129
296
-228
1
7
-163
108
84
85
177
-287
-14
-57
62
19
44
-532
582
48
-286
68
56
90
21
-65
-102
-45
-42
56
-27
99
-60
56
207
-119
39
148
-193
-804
-51
-220
209
-11
-60
95
185
-75
90
447
463
-609
-216
867
-466
-115
-140
-262
263
127
102
-96
10
-48
-9
-30
208
-195
7
1
-178
78
58
83
193
-153
7
-85
47
5
80
-389
665
249
-233
113
-112
-131
25
162
71
-55
3
10
78
62
-108
-129
101
-67
120
-322
-872
451
289
143
4
13
60
-127
118
293
376
-797
-475
-430
1002
-371
-109
-98
-62
-372
254
-11
2
100
-35
8
-98
39
198
-181
-7
-7
-160
123
92
62
126
-261
-44
12
53
23
48
-129
-635
399
-137
143
-437
174
19
-103
16
98
215
215
-148
-168
-337
496
-332
-164
-245
-603
398
370
-82
-86
134
-10
76
323
444
-649
-173
-210
544
596
-407
-267
211
-104
-12
127
46
107
28
7
3
31
18
10
157
-159
-3
-14
-178
100
77
76
181
-250
-37
6
26
-15
1
25
-299
680
27
38
175
-162
-14
-142
237
80
-236
-111
-149
179
-56
34
-101
-168
-400
-54
346
180
-161
4
-176
-106
184
-705
-117
-65
187
380
552
-385
-232
-114
-63
-35
-394
155
220
47
-2
-7
-6
-5
-7
-13
147
-134
7
-15
-196
79
75
88
204
-266
-44
5
12
-48
-25
34
-62
-493
593
-477
52
16
223
21
387
-353
278
-161
-256
-234
-76
111
-40
132
35
317
353
-132
70
89
75
19
449
-91
-551
-96
-62
609
-630
-315
184
104
-43
-36
-182
113
86
28
4
-2
7
9
4
-2
157
-143
-1
-19
-199
80
74
85
197
-244
-39
-11
7
-44
-21
38
89
-620
898
-359
-2
-75
111
43
-158
-239
-27
51
107
758
-289
42
-377
-142
132
101
7
-207
52
-210
-63
-59
-105
382
-338
24
164
511
-435
-13
40
-1
-52
-374
288
42
-18
22
12
7
15
26
22
11
190
-171
-1
-17
-186
96
78
88
177
-196
-44
-18
19
-16
-2
35
53
-364
696
-365
-62
130
87
-138
279
-144
-179
51
-70
-247
-314
-265
-70
-37
159
187
-149
147
-54
121
62
181
191
341
-248
-464
313
-238
-202
-50
37
-40
-91
-335
280
3
70
4
-6
-1
6
22
19
18
205
-183
-4
-17
-183
94
81
80
163
-184
-45
-25
38
4
3
23
-2
-173
846
-290
33
343
-337
-372
227
-153
-175
313
440
-26
-447
-23
392
190
61
69
-63
-95
-203
146
-39
-122
113
334
-56
-635
186
147
-161
-48
323
-67
-213
214
49
19
9
-19
-20
-21
-21
-8
-3
1
172
-165
-5
-15
-190
92
81
90
186
-214
-52
-12
49
2
-22
12
-56
-88
-333
77
51
130
-326
291
50
-168
188
-281
-223
-501
112
355
-141
290
61
130
220
103
193
-1
-31
103
-49
423
415
-196
-346
547
-204
-152
55
-243
-328
338
69
82
-28
4
-4
-13
-20
-11
-8
-12
148
-126
-4
-9
-182
97
66
92
204
-242
-57
19
68
3
-49
-16
-90
582
-1044
908
-314
147
-184
-366
-61
118
-127
125
-170
227
448
177
-151
383
-47
-88
-615
157
173
-99
135
-23
340
331
-45
-412
-296
688
-238
146
-78
-18
-87
-22
216
41
0
80
43
4
-19
-28
-45
-39
149
-167
30
84
-381
134
132
63
157
-201
-135
85
-3
18
-146
-123
56
261
485
-134
-341
-395
256
445
-205
434
-285
12
-708
14
57
35
551
-65
-397
12
-360
57
-257
23
162
401
-266
-318
-52
-55
-529
1146
-719
67
14
-256
248
-74
29
-15
-26
31
-40
19
21
-26
109
161
142
-203
-8
83
-348
159
136
58
153
-141
102
-169
10
-189
-66
407
147
32
-631
365
302
227
-103
-407
425
-105
-70
-472
540
80
240
533
-665
-592
-738
752
-492
-127
30
-114
509
-592
-727
676
-513
-105
-594
994
-457
-76
-12
-371
212
177
42
-21
-69
0
-70
26
138
61
-80
-110
85
-200
2
83
-368
147
132
60
151
-320
-206
89
-11
53
-624
528
824
-755
275
-337
-339
229
-230
-29
46
-191
57
-366
641
44
318
-375
88
125
-105
768
25
88
-133
-188
595
-264
-382
758
-198
-69
-205
752
-12
-164
4
-252
72
200
-28
29
-12
45
7
-18
6
-27
-159
-142
291
-185
50
85
-390
120
125
75
202
-44
-8
74
-63
350
321
-523
-536
472
-11
-374
394
-148
360
-173
-171
-4
-560
-243
238
337
-209
-66
160
-50
-249
-401
51
4
-221
-91
633
-30
-111
-261
53
-380
-248
508
-179
-170
-90
114
17
36
-52
65
17
45
102
-54
-185
-82
-11
22
494
-309
29
79
-390
132
139
83
177
-211
-169
50
-159
-83
473
-288
214
132
475
-227
62
198
721
-352
-140
-88
174
756
453
-273
-426
174
-34
265
97
188
205
-107
26
-365
430
-81
271
-95
332
-279
-220
724
-380
-121
-393
346
151
13
12
-12
-66
-24
15
-98
-113
96
140
42
461
-478
-35
55
-362
173
162
75
155
-68
-298
124
320
72
-5
-252
-102
-34
-170
-283
-313
119
155
72
-74
-486
-173
691
-1089
-8
69
177
-55
98
-116
323
-50
-93
18
-262
526
-185
126
65
260
-382
-122
364
-209
-70
-479
228
131
6
11
-65
-18
71
-99
-160
14
168
58
-52
458
-504
-29
48
-381
163
150
66
149
-231
5
-79
170
-542
-93
-146
-297
561
-113
-19
-46
-150
-42
536
-341
-93
634
369
-215
132
-18
60
-158
166
28
50
-27
69
-137
-137
421
-94
-76
-34
97
-316
254
28
560
-278
-110
117
-1
-16
-23
-1
47
96
-98
-84
65
49
-41
-23
519
-429
31
56
-431
112
124
72
149
-267
-189
71
231
304
30
-60
-31
21
-232
-166
122
-159
150
-268
-678
-52
1000
-747
-44
-153
74
-57
33
-51
35
-31
23
-70
9
-269
190
86
106
263
-172
-219
106
-336
618
-721
312
208
-3
53
-9
57
-49
-87
-70
84
113
-26
-22
77
519
-422
33
-34
-379
210
11
71
308
-59
34
9
-7
-19
-233
639
-11
736
-374
-88
-195
-124
234
-420
482
683
-189
-516
313
-142
39
73
12
-7
-4
150
-101
8
17
-380
245
-30
-49
257
-470
-39
190
-454
612
-823
302
189
-86
60
22
-43
74
-131
-122
117
8
115
-37
8
526
-499
20
-10
-303
243
44
32
210
-167
-101
34
-43
-38
-386
72
-381
9
368
-310
-81
200
-190
50
272
-67
-189
-357
224
-48
71
-35
13
-22
-11
86
-13
-99
-169
-197
194
-34
240
79
-294
42
133
-525
722
-723
206
102
-97
17
-11
-39
38
-108
-61
114
-20
77
-71
-11
522
-531
7
-14
-236
238
64
21
169
-302
-204
224
-2
78
-141
-5
108
112
394
-61
-314
-330
535
-671
1116
-391
-141
-195
182
31
129
-78
45
-29
-19
5
134
9
-32
216
289
-125
282
-267
-175
81
58
-609
783
-459
164
66
-44
-1
-21
18
16
-121
17
104
-14
59
-57
-8
533
-511
2
-42
-212
170
63
39
219
24
-187
80
-272
123
205
-242
-119
-293
284
-34
-9
124
797
96
-463
-237
-23
7
133
-69
112
-29
45
94
52
14
118
128
170
288
228
39
109
-323
-90
143
12
-601
703
-162
137
40
12
-3
-40
45
11
-206
82
76
-8
42
-29
23
593
-547
-21
-82
-166
120
86
58
219
-234
-48
460
-160
-242
-113
-325
282
63
306
-659
55
621
-249
-329
-58
127
-62
91
62
-244
66
58
-3
-29
-83
-152
-329
-238
-138
-274
-163
253
-129
-102
-55
223
-13
-520
482
-15
66
-32
7
-14
-60
40
7
-292
171
47
-1
20
-9
33
624
-616
-49
-95
-76
118
111
44
202
-101
-130
113
-186
-46
326
137
263
-438
152
421
-98
-94
398
-268
-85
109
-146
110
18
-227
93
113
39
88
160
131
-133
-51
116
11
252
122
-321
5
-127
267
-48
-382
335
28
54
-55
14
36
-26
61
68
-347
270
39
18
-10
-6
18
593
-623
-66
-103
-29
84
118
28
188
-139
-85
101
31
-194
-23
79
-53
206
-158
-379
43
816
-267
-266
195
37
-125
110
-55
-94
108
-20
29
-102
-10
-39
-51
-54
67
195
118
-190
-208
-34
-192
315
-104
-288
275
-4
77
-44
10
77
0
38
76
-396
340
33
27
-25
-6
11
568
-570
-43
-130
-51
27
103
44
217
-208
-110
55
233
-194
-162
135
-242
474
-85
11
-45
-379
-94
-39
2
-49
-42
99
-150
-13
88
-143
130
222
203
18
246
105
96
354
-291
-229
152
23
-124
371
-165
-299
221
-17
114
-36
-25
61
-52
-65
-6
-424
360
16
50
-17
60
226
766
-474
-10
-126
59
116
65
71
151
-148
38
-235
-7
-70
-97
-264
-128
-95
31
12
288
-366
-151
-80
84
26
31
-74
-17
59
-56
-191
-329
-536
-82
-158
-76
29
2
-100
-665
-151
-139
-53
-201
251
-97
-370
239
23
-33
107
143
62
127
88
-48
-434
340
10
37
-52
417
315
-426
-283
-133
-277
-137
91
116
52
128
143
-218
-419
354
298
-30
-460
672
-581
313
-20
47
673
-308
90
-118
-84
-4
-38
-6
12
-67
32
248
57
261
38
56
-24
-85
344
483
-265
-477
-266
-233
479
-54
-328
563
-259
-199
-137
-104
-80
24
65
-23
6
286
-8
7
523
-77
-644
-361
281
108
-171
-354
-4
150
60
107
-310
783
-268
-146
-508
322
443
400
-166
-286
-25
-1
634
-316
-55
6
-47
17
-2
-37
-50
-145
-40
302
-72
25
-80
104
62
-124
127
281
426
539
-285
-792
154
-12
-482
644
-41
67
-28
-89
-87
-134
-149
-297
-191
100
167
108
163
-574
-226
55
347
337
152
-419
-76
191
34
78
528
-201
-295
-2
372
52
-309
-207
125
-228
61
-125
16
68
-201
-25
75
72
13
-82
10
-47
-160
43
18
45
-117
-75
-27
-46
55
-101
-123
370
448
487
-137
-289
-223
216
-23
149
28
24
83
-52
-68
-239
147
5
339
45
-625
142
90
88
-273
162
413
-377
-76
237
-8
-31
277
-321
-89
106
-453
46
-316
214
280
-231
7
442
33
-253
455
-407
49
45
11
-128
96
147
-123
-13
-2
104
61
-34
-82
-23
122
60
34
-82
-119
411
-8
-508
-96
319
-99
82
-51
23
95
-70
-18
-197
229
237
343
-423
80
-246
267
6
-628
13
571
-371
-137
250
47
105
-67
-409
-196
35
-86
602
128
-200
-51
146
50
-203
489
-458
518
-323
21
4
10
-177
79
160
-150
68
-90
-45
58
94
39
-50
-43
-53
-136
118
80
126
553
-617
-699
356
43
145
-54
26
-4
-195
-11
-178
96
234
82
-259
-86
134
-168
412
-472
-29
634
-366
-184
211
64
262
305
-168
-23
30
-391
585
-453
80
-193
71
347
-606
-27
-8
593
-480
96
-32
-30
-166
105
110
-258
140
176
14
-30
-37
-19
-4
-4
44
136
-64
24
-110
458
219
-607
140
0
58
-115
57
-11
-135
220
113
270
350
-389
-186
10
112
82
104
-421
-135
602
-312
-147
184
-39
124
-96
-63
-69
-108
140
331
-209
-93
-177
-229
-146
174
399
401
131
-235
189
-64
-110
-133
222
166
-271
173
-58
-35
45
-32
-49
25
-5
-26
-99
48
49
-101
260
645
-1029
452
68
72
-76
102
-46
-190
214
95
57
225
-216
-25
181
-38
-74
288
-340
-456
658
-136
-472
381
34
84
315
-315
-166
-38
-61
-39
43
221
-51
167
37
252
-59
-601
-662
-21
160
160
-365
10
303
-79
-160
162
21
1
-17
-21
-17
-8
7
0
8
22
9
-34
10
492
-814
169
143
-17
-153
-11
-183
-237
280
108
286
-199
-50
-84
-96
119
-59
153
-221
-485
665
77
-519
316
65
62
287
-131
-238
53
-76
122
-30
-88
-306
-137
106
-217
-4
487
1071
-186
-171
6
-126
283
124
-478
158
20
14
9
3
-3
-21
-16
8
-9
-31
-11
31
38
66
289
-288
-198
181
309
30
230
250
-51
-360
91
442
-259
-30
49
-149
47
45
223
-233
-614
517
200
-602
223
97
154
72
-109
126
-89
201
-157
246
-44
-39
72
537
-275
-213
83
-276
-162
-1
-134
-199
234
309
-343
23
79
-2
6
16
-4
-22
-28
2
2
9
-27
-8
10
29
109
446
-462
-424
13
3
218
36
151
-507
481
257
-189
-202
-82
74
127
-95
143
-128
-458
421
250
-608
217
77
261
-273
-129
-73
-48
20
-255
122
-47
-229
-109
188
173
11
-299
-118
118
-138
-16
264
224
-660
246
194
-13
-39
-10
17
1
-18
-24
8
33
-5
-8
-6
30
-1
29
636
-594
186
-92
-405
-399
-663
642
16
499
-100
-399
-62
152
-95
67
111
-152
33
-87
404
292
-527
284
19
340
-160
-130
-186
-48
162
-176
95
10
9
-65
-128
-106
694
-180
-22
-125
-161
16
407
-570
-43
113
76
-34
-9
5
22
11
-21
-33
2
27
-87
-16
20
91
16
45
295
-532
109
101
105
-60
-767
647
188
311
-480
-8
118
-30
-22
31
-72
17
-85
-54
217
283
-559
264
-13
391
-152
-176
16
-57
332
-210
162
307
-314
-290
-20
-140
130
-75
10
-108
191
-149
-402
108
144
75
-18
-86
29
20
32
14
-14
-37
-24
-27
-43
-22
-12
-11
-21
102
116
127
-336
0
-15
115
-89
662
-93
-364
-131
-18
73
-36
-137
108
196
-43
-244
-245
51
417
-619
194
26
398
-421
-159
-119
124
-97
-120
-161
343
-450
604
178
-9
-164
-224
-110
-136
-79
233
-41
99
106
-58
-29
60
24
14
17
16
-6
-19
-18
-34
45
-40
-16
-109
-22
52
116
639
-519
135
22
39
-191
-149
-229
-193
42
184
-152
-229
202
181
-81
34
-32
-28
537
1167
-109
613
651
868
98
51
205
174
190
57
29
405
850
-379
62
548
358
42
68
241
563
308
468
405
381
362
422
422
404
418
433
451
450
457
463
444
476
436
614
559
709
564
670
1035
-193
221
214
493
447
284
575
340
187
307
148
275
506
186
-67
137
