163
175
170
154
162
184
180
155
87
93
98
100
100
103
111
118
128
131
131
129
130
134
134
132
136
136
136
129
125
138
143
129
134
131
127
126
125
122
116
111
100
133
176
165
147
161
162
158
154
161
164
241
233
118
98
129
114
116
124
123
127
113
104
145
163
169
163
153
163
183
178
155
84
89
94
96
96
101
110
118
127
130
131
129
130
133
134
131
134
134
140
137
128
130
127
112
136
128
121
121
127
130
127
123
101
126
169
165
152
163
162
160
160
158
152
201
235
167
106
115
121
109
127
122
116
137
119
77
162
164
160
156
167
180
173
155
85
89
93
94
95
101
111
120
127
130
131
128
129
133
133
131
142
135
136
133
126
130
139
136
137
132
128
130
132
127
114
101
103
116
156
166
160
167
163
164
168
162
148
167
236
228
135
100
115
121
114
107
137
131
64
32
161
165
166
166
171
175
168
156
89
92
95
95
96
101
112
122
126
129
130
127
128
132
133
130
118
116
127
134
128
126
129
124
124
123
124
129
133
131
122
113
105
107
144
164
166
170
163
167
168
166
148
155
216
248
185
104
114
119
111
116
137
80
6
30
161
171
177
174
171
171
165
156
90
93
96
95
95
100
110
119
125
128
129
127
128
131
132
129
137
129
129
127
118
121
129
126
135
131
126
123
123
124
126
126
108
101
135
160
167
170
162
166
161
166
145
153
175
221
236
147
112
104
131
124
74
34
19
31
163
176
180
170
166
170
166
155
86
90
93
93
93
98
108
116
124
128
128
126
127
130
131
128
124
121
121
116
112
124
130
119
130
128
127
128
128
125
119
114
110
100
130
154
163
168
160
163
159
168
147
153
145
183
255
213
105
115
120
67
21
27
31
29
167
177
172
155
156
171
169
153
81
86
92
94
95
100
110
118
124
127
128
125
126
130
131
128
121
139
164
176
182
192
179
146
129
122
119
125
135
137
129
119
112
103
129
148
157
165
158
158
152
163
152
150
140
155
219
251
157
113
59
16
21
36
23
27
170
176
162
141
148
173
173
151
79
85
92
96
99
105
114
123
123
127
127
125
126
130
130
127
139
146
149
144
155
189
198
175
202
171
134
116
118
123
119
111
112
105
130
144
152
163
156
155
138
151
152
142
145
138
164
250
251
72
5
31
32
37
36
21
180
179
131
88
154
184
174
153
77
72
82
93
93
98
109
111
124
120
111
122
142
133
118
127
133
129
151
171
169
180
201
205
223
219
227
99
115
117
87
122
103
91
132
162
146
146
157
150
137
154
141
152
133
155
135
237
244
21
29
44
10
36
43
21
184
155
106
86
158
184
172
149
75
72
84
96
96
101
111
112
125
119
123
125
115
109
114
118
121
130
153
153
168
184
208
205
208
210
190
226
122
92
139
76
103
109
133
150
154
143
134
151
160
130
160
132
156
168
135
162
44
8
35
14
25
30
26
14
175
121
79
84
160
182
171
144
74
71
84
96
96
101
110
111
121
112
121
120
98
101
119
118
124
125
132
135
176
189
195
186
193
201
230
250
238
237
94
95
100
107
127
157
177
129
86
134
148
156
149
146
142
132
164
31
2
30
17
22
33
40
47
90
143
93
68
84
155
180
174
142
78
73
83
93
92
97
107
109
118
114
112
107
104
111
121
124
130
134
126
145
174
185
176
187
247
221
231
217
235
240
162
74
75
92
134
162
179
134
62
72
138
152
148
148
144
168
102
21
49
33
8
40
9
51
89
156
100
79
74
85
147
176
176
144
84
78
84
92
90
95
107
110
113
122
109
100
113
114
115
135
128
157
141
156
154
191
187
214
214
215
233
242
226
203
235
91
61
79
142
152
155
152
72
10
129
162
140
146
176
144
16
42
29
10
56
21
34
76
139
159
72
79
83
84
144
173
174
148
87
80
86
94
91
97
108
111
111
114
104
102
114
114
122
149
133
159
135
139
148
215
215
211
215
222
229
207
221
241
230
240
121
65
121
159
155
145
68
10
55
121
163
151
131
39
28
16
22
39
13
46
48
160
133
177
69
85
84
82
149
171
165
151
78
74
84
94
93
97
107
108
149
101
93
110
109
119
137
133
139
136
139
145
172
204
214
194
215
221
210
241
231
230
230
222
209
90
113
163
169
140
56
27
33
74
235
179
118
23
45
27
50
17
21
18
145
135
160
169
77
89
79
80
155
170
158
152
67
66
79
93
93
96
104
103
209
103
87
118
105
125
142
93
132
118
174
187
198
156
190
201
209
225
208
221
226
214
235
230
251
145
138
147
165
161
64
14
131
197
251
253
232
16
28
27
22
34
33
108
163
162
173
163
82
84
88
92
150
175
175
151
74
68
85
85
90
111
116
93
187
98
106
108
116
124
126
118
118
152
184
192
202
195
202
215
204
186
233
229
202
236
221
208
227
234
132
150
159
132
30
229
178
241
215
242
250
27
45
12
16
36
36
170
146
163
178
159
91
91
93
94
152
179
181
157
81
80
92
91
94
101
96
96
135
82
104
99
111
122
111
91
144
153
144
173
187
202
172
164
188
220
199
193
224
187
212
243
207
221
213
171
147
172
229
219
225
213
232
235
242
31
22
20
28
11
149
132
172
170
163
167
96
95
94
95
153
180
184
162
75
82
87
88
96
97
96
148
170
96
98
99
118
116
120
147
143
138
155
151
197
183
184
171
191
177
211
153
220
204
210
189
224
192
200
182
234
197
234
214
227
232
202
238
140
44
30
22
16
73
172
156
170
160
167
157
90
90
91
93
152
180
183
161
71
83
80
81
91
93
106
220
180
107
101
99
124
117
115
149
134
154
145
178
168
192
176
195
192
173
206
186
168
223
197
189
186
163
232
216
226
222
214
215
218
207
215
221
27
29
26
48
33
151
146
190
160
157
174
152
82
84
88
93
153
181
183
159
76
91
84
83
85
82
95
252
181
137
121
75
99
131
128
123
164
147
154
141
186
164
170
160
169
165
164
186
207
164
172
172
176
191
234
203
205
229
207
220
220
187
126
214
7
31
40
26
105
154
174
164
168
176
159
167
82
85
90
96
157
183
185
160
75
87
85
91
88
81
80
248
210
153
134
86
101
135
140
133
156
153
126
153
151
169
146
156
175
160
189
169
179
155
182
187
217
217
190
192
235
217
223
244
153
140
123
132
26
34
51
37
152
154
175
150
165
178
150
170
90
91
94
97
157
184
186
162
76
79
79
96
95
92
76
237
198
127
134
123
125
128
126
124
130
129
138
126
138
116
131
147
112
124
126
94
45
161
164
224
208
202
220
234
209
216
241
206
78
103
209
17
23
12
26
128
156
175
154
164
155
159
158
162
96
95
95
96
154
181
185
163
89
80
75
96
97
100
75
227
200
134
139
108
101
128
147
138
124
128
119
114
96
80
77
101
71
81
39
4
194
208
212
203
210
215
199
216
226
211
76
88
82
217
38
35
16
27
33
148
158
169
180
161
162
149
164
162
98
95
94
97
158
184
182
155
76
74
85
96
98
98
89
70
206
152
149
72
133
122
117
131
134
133
114
60
43
29
118
23
28
19
9
177
220
192
187
214
201
200
220
212
90
127
127
189
180
25
19
50
17
45
106
144
179
176
172
169
167
164
161
158
101
96
92
93
154
182
184
160
75
73
83
91
90
93
94
84
220
162
143
139
101
119
111
143
118
59
53
31
58
44
53
41
27
25
117
213
222
180
195
178
192
206
81
108
112
157
190
188
37
18
16
20
28
19
126
179
177
174
171
169
167
164
160
157
104
97
90
88
149
181
187
165
75
72
81
86
83
90
101
102
89
215
95
122
122
141
119
138
39
87
30
21
18
39
50
46
84
118
198
231
184
199
202
204
205
234
131
42
93
132
198
22
9
50
40
20
33
55
136
169
175
173
171
171
170
167
163
159
103
95
88
86
148
181
188
167
80
74
79
85
84
93
107
111
72
239
107
110
107
121
105
53
29
38
52
60
122
3
40
23
90
170
198
195
168
196
175
200
210
197
201
70
91
128
149
9
26
37
33
22
11
125
144
158
171
171
170
171
172
170
166
163
99
93
87
87
150
182
189
167
88
76
80
89
91
99
110
112
106
222
108
104
117
94
52
79
21
16
57
56
17
4
23
90
138
193
209
169
196
181
211
217
239
243
218
91
31
117
49
26
28
40
30
26
35
146
152
169
166
165
165
166
168
167
165
163
96
91
86
87
150
183
189
167
91
78
82
95
97
102
110
111
116
229
103
115
127
28
8
66
19
12
79
92
39
7
95
187
194
194
192
174
169
169
218
211
210
243
235
123
7
85
83
33
33
70
26
26
116
143
162
166
163
161
159
158
159
159
158
156
96
90
85
85
149
183
191
170
88
78
86
99
98
99
109
115
112
94
125
117
86
12
65
40
17
54
8
24
16
122
187
163
214
183
168
177
175
206
199
204
229
216
241
171
46
27
134
46
26
43
11
29
148
161
175
165
167
164
159
155
154
153
151
149
98
90
83
83
147
182
192
172
84
78
89
101
95
94
109
120
189
10
201
54
74
31
3
41
51
21
37
26
118
201
201
165
202
134
105
55
158
189
178
218
200
227
192
98
11
42
154
55
54
26
43
68
122
181
172
168
175
170
162
156
153
150
148
147
90
92
90
58
149
190
189
167
91
70
95
86
92
88
111
152
153
174
76
50
17
78
97
26
90
1
37
0
138
190
188
215
101
58
88
65
119
121
183
203
213
113
72
67
29
20
211
9
44
37
28
120
130
161
163
161
166
159
165
164
155
165
166
142
83
86
86
58
149
191
189
166
96
96
66
89
64
101
184
163
131
24
123
106
90
48
8
96
27
23
7
169
176
210
231
56
25
18
188
69
98
140
160
232
78
32
156
9
21
19
202
41
30
33
24
129
168
165
158
153
159
152
163
175
162
141
136
138
86
86
83
52
145
190
191
170
82
67
99
95
105
45
185
220
21
109
36
44
110
40
47
39
9
37
46
215
193
213
111
132
110
102
210
142
134
121
154
240
116
67
168
44
28
57
178
87
24
41
48
127
175
160
163
159
164
158
152
153
148
134
142
170
94
89
79
45
139
189
195
178
112
91
100
99
149
145
51
43
158
75
29
115
82
126
39
9
31
1
95
187
206
124
135
162
138
122
110
161
141
112
162
253
170
120
78
80
10
53
150
63
20
41
104
137
159
155
165
160
162
164
141
128
149
169
184
206
83
79
72
41
139
191
197
179
96
77
103
95
109
149
46
98
101
125
32
70
123
176
31
17
30
110
210
197
96
86
161
157
192
177
186
181
133
140
132
235
182
177
113
116
30
52
167
35
22
17
142
165
159
158
153
147
150
149
134
144
188
210
208
211
62
62
62
40
142
193
195
173
109
60
114
138
107
73
39
58
74
45
11
13
93
111
82
40
14
106
219
9
101
131
160
159
183
173
215
161
136
139
139
241
171
170
141
117
27
64
135
60
43
18
139
169
160
156
145
150
157
135
134
175
216
217
209
216
59
58
56
33
137
189
192
171
90
94
95
126
35
59
45
36
127
36
24
26
38
68
122
19
79
197
162
70
106
121
148
140
186
182
179
158
150
119
145
223
175
150
125
95
29
95
99
144
44
74
142
157
157
153
152
156
158
140
157
198
215
213
219
230
72
65
55
25
128
183
192
174
94
76
109
122
118
79
69
93
80
33
7
40
28
75
37
8
111
230
21
75
82
127
131
155
156
174
162
157
131
130
119
187
186
166
142
53
29
68
55
143
13
135
168
159
163
155
159
143
137
150
190
218
214
220
235
235
76
66
47
34
141
170
191
194
119
101
95
92
75
52
149
99
170
25
27
11
37
88
32
152
190
65
15
101
87
122
145
147
154
161
177
139
137
128
102
187
169
145
130
9
37
65
29
133
9
143
175
151
162
157
146
153
132
151
205
217
235
222
229
235
65
62
53
50
152
176
186
182
106
84
91
76
57
23
79
59
104
131
22
35
87
56
118
142
96
33
13
98
104
129
132
144
147
155
167
151
131
121
136
188
164
159
93
16
42
53
17
152
34
142
166
147
154
150
145
149
139
165
212
220
234
220
226
231
57
57
55
63
158
181
185
177
88
70
103
73
65
38
55
85
112
142
78
37
62
170
44
210
22
21
31
97
112
134
125
145
144
148
153
166
151
154
198
207
147
144
40
22
49
43
9
177
86
153
164
151
150
147
150
147
142
181
219
224
234
223
228
231
55
51
51
67
154
183
190
184
126
77
89
40
65
70
31
60
72
131
92
95
139
207
112
8
22
35
57
89
90
124
127
143
153
146
138
148
155
173
199
190
145
104
18
31
62
42
12
185
138
166
164
157
150
145
153
146
136
194
224
228
235
229
235
237
46
41
44
72
151
187
195
189
103
96
128
45
24
42
35
105
104
130
34
123
204
90
38
33
46
38
66
72
54
107
131
136
138
130
112
87
104
129
124
129
143
57
29
40
78
48
23
170
162
167
157
157
151
145
154
145
130
209
229
232
235
233
238
238
32
30
40
82
153
190
194
185
116
85
92
40
42
90
92
115
49
107
145
108
112
137
20
26
50
29
61
56
41
97
126
130
143
152
141
106
121
151
143
152
99
15
32
37
88
53
39
155
164
166
153
158
159
151
157
150
127
225
236
237
233
233
235
231
26
23
37
86
149
189
191
182
108
81
86
62
27
52
80
80
112
77
53
107
184
37
13
54
39
26
52
39
45
85
94
115
118
137
137
136
143
163
165
120
41
13
27
33
96
52
48
145
154
165
152
157
164
153
151
146
122
236
241
240
232
232
232
225
29
23
33
82
141
185
191
184
99
71
76
80
22
22
64
46
135
81
92
86
33
36
28
32
29
29
44
22
46
68
55
96
129
144
142
177
172
172
170
54
18
47
33
40
103
47
46
135
144
162
148
151
161
145
136
132
117
239
241
241
232
233
232
224
23
27
29
87
145
178
193
182
109
83
36
54
44
29
20
48
71
91
102
128
34
31
22
38
31
32
21
32
47
43
41
41
45
114
127
146
167
167
133
32
44
22
26
33
93
59
44
137
141
130
148
155
148
154
145
127
118
240
237
238
217
240
187
57
41
32
16
58
133
180
191
182
156
63
16
80
85
50
22
143
11
108
97
121
171
32
43
16
19
27
25
31
37
38
68
110
113
149
145
157
157
159
204
206
92
32
23
31
116
64
56
178
113
106
111
114
116
126
128
124
164
235
229
223
247
134
21
40
114
94
45
33
113
179
192
190
115
181
26
24
1
100
129
117
54
37
88
121
180
48
35
32
26
34
32
29
31
33
71
135
118
135
134
160
164
160
205
226
229
210
87
9
94
66
38
190
142
139
123
110
105
96
92
95
146
221
239
207
163
31
43
80
138
149
109
40
104
181
188
185
204
69
16
27
87
63
41
53
83
46
95
104
113
96
30
38
43
46
37
29
47
54
63
107
128
139
129
138
152
167
196
195
200
245
233
198
82
32
58
142
149
160
141
131
128
106
101
109
193
218
244
168
35
96
83
85
61
134
160
65
110
187
184
172
157
35
19
42
3
64
27
84
96
52
91
160
109
70
115
7
41
45
38
30
70
90
74
100
124
148
151
144
145
165
195
200
210
208
213
246
133
15
59
145
139
158
140
139
138
116
124
138
222
248
226
86
99
55
117
67
3
105
185
80
109
190
193
184
112
18
6
28
44
122
79
26
53
91
92
81
153
62
135
27
34
39
37
30
80
104
81
116
120
136
153
160
158
158
172
185
187
226
232
235
231
33
0
143
151
163
139
140
132
117
152
171
229
241
174
86
79
107
70
106
5
89
190
86
106
185
196
199
154
44
26
32
17
130
10
41
18
67
113
31
102
120
150
11
46
35
32
37
93
107
77
130
154
142
141
144
150
159
170
187
212
204
224
220
255
158
30
116
148
153
131
142
133
135
201
225
255
236
104
83
96
106
100
70
4
68
181
92
111
179
185
189
117
64
23
16
66
89
28
18
16
25
57
113
143
140
83
29
64
33
27
48
115
118
78
140
134
138
146
139
142
159
167
177
182
212
221
218
254
233
9
155
152
151
131
144
129
136
215
237
227
204
104
93
114
90
80
89
2
24
184
113
77
197
191
183
163
36
12
23
37
44
49
52
23
61
74
118
92
29
0
54
59
56
9
76
128
91
89
143
142
141
139
139
143
152
164
173
187
203
215
223
233
232
48
129
156
140
125
138
121
129
215
228
235
139
107
82
79
102
81
76
11
14
184
138
73
185
194
182
159
59
6
35
27
57
38
23
0
40
86
55
72
125
178
24
16
36
44
117
110
46
123
133
143
143
142
141
141
148
160
169
178
194
213
227
237
230
120
90
133
155
134
160
171
144
138
213
236
110
88
86
69
92
92
86
14
4
174
156
66
171
195
183
126
53
48
20
54
22
63
24
23
60
130
44
41
76
25
20
26
24
48
112
126
60
119
145
140
143
145
142
140
144
156
166
177
186
204
221
232
232
217
70
45
98
100
126
135
165
129
241
191
89
54
67
93
100
73
81
37
36
176
167
70
170
192
186
76
38
21
26
32
12
50
32
7
37
85
96
62
11
11
31
11
47
98
105
14
135
150
137
136
142
147
144
140
142
153
164
169
181
199
219
227
234
250
64
103
71
30
23
37
218
197
223
120
39
63
92
73
91
90
47
66
90
185
175
84
179
186
189
80
26
3
27
51
24
55
46
35
28
37
60
136
21
15
7
15
56
114
14
90
130
145
135
139
146
150
147
140
139
148
157
153
173
195
219
225
235
225
87
109
94
81
52
22
218
199
167
41
69
84
72
78
86
68
63
50
91
166
175
85
178
183
192
77
16
27
29
75
21
72
88
19
14
55
49
66
29
18
14
66
49
32
104
125
136
132
129
146
150
153
149
142
138
142
147
153
167
183
199
214
237
223
175
79
90
88
95
100
200
124
57
64
69
80
70
66
96
95
48
23
57
145
193
84
171
188
194
48
23
20
56
30
30
41
109
20
126
82
64
32
7
12
29
58
109
91
121
137
124
130
145
146
149
151
150
145
142
143
146
161
163
177
183
207
228
237
244
69
100
100
107
95
100
80
64
81
95
56
52
108
103
56
44
28
47
151
229
92
168
196
196
74
33
48
47
48
31
42
96
151
7
56
107
74
24
25
60
115
101
127
126
127
127
136
140
141
144
147
149
148
148
149
150
157
160
186
191
216
210
228
235
67
81
91
126
122
101
127
96
76
85
65
84
116
75
31
37
